0.683 0.384
1.366 0.768
2.049 1.152
2.732 1.536
3.415 1.92
4.098 2.304
4.781 2.688
5.464 3.072
6.147 3.456
6.83 3.84
7.513 4.224
8.196 4.608
8.879 4.992
9.562 5.376
10.245 5.76
10.928 6.144
11.611 6.528
12.294 6.912
12.977 7.296
13.66 7.68
14.343 8.064
15.026 8.448
15.709 8.832
16.392 9.216
17.075 9.6
17.758 9.984
18.441 10.368
19.124 10.752
19.807 11.136
20.49 11.52
21.173 11.904
21.856 12.288
22.539 12.672
23.222 13.056
23.905 13.44
24.588 13.824
25.271 14.208
25.954 14.592
26.637 14.976
27.32 15.36
28.003 15.744
28.686 16.128
29.369 16.512
30.052 16.896
30.735 17.28
31.418 17.664
32.101 18.048
32.784 18.432
33.467 18.816
34.15 19.2
34.833 19.584
35.516 19.968
36.199 20.352
36.882 20.736
37.565 21.12
38.248 21.504
38.931 21.888
39.614 22.272
40.297 22.656
40.98 23.04
41.663 23.424
42.346 23.808
43.029 24.192
43.712 24.576
44.395 24.96
45.078 25.344
45.761 25.728
46.444 26.112
47.127 26.496
47.81 26.88
48.493 27.264
49.176 27.648
49.859 28.032
50.542 28.416
51.225 28.8
51.908 29.184
52.591 29.568
53.274 29.952
53.957 30.336
54.64 30.72
55.323 31.104
56.006 31.488
56.689 31.872
57.372 32.256
58.055 32.64
58.738 33.024
59.421 33.408
60.104 33.792
60.787 34.176
61.47 34.56
62.153 34.944
62.836 35.328
63.519 35.712
64.202 36.096
64.885 36.48
65.568 36.864
66.251 37.248
66.934 37.632
67.617 38.016
68.3 38.4
68.983 38.784
69.666 39.168
70.349 39.552
71.032 39.936
71.715 40.32
72.398 40.704
73.081 41.088
73.764 41.472
74.447 41.856
75.13 42.24
75.813 42.624
76.496 43.008
77.179 43.392
77.862 43.776
78.545 44.16
79.228 44.544
79.911 44.928
80.594 45.312
81.277 45.696
81.96 46.08
82.643 46.464
83.326 46.848
84.009 47.232
84.692 47.616
85.375 48
86.058 48.384
86.741 48.768
87.424 49.152
88.107 49.536
88.79 49.92
89.473 50.304
90.156 50.688
90.839 51.072
91.522 51.456
92.205 51.84
92.888 52.224
93.571 52.608
94.254 52.992
94.937 53.376
95.62 53.76
96.303 54.144
96.986 54.528
97.669 54.912
98.352 55.296
99.035 55.68
99.718 56.064
100.401 56.448
101.084 56.832
101.767 57.216
102.45 57.6
103.133 57.984
103.816 58.368
104.499 58.752
105.182 59.136
105.865 59.52
106.548 59.904
107.231 60.288
107.914 60.672
108.597 61.056
109.28 61.44
109.963 61.824
110.646 62.208
111.329 62.592
112.012 62.976
112.695 63.36
113.378 63.744
114.061 64.128
114.744 64.512
115.427 64.896
116.11 65.28
116.793 65.664
117.476 66.048
118.159 66.432
118.842 66.816
119.525 67.2
120.208 67.584
120.891 67.968
121.574 68.352
122.257 68.736
122.94 69.12
123.623 69.504
124.306 69.888
124.989 70.272
125.672 70.656
126.355 71.04
127.038 71.424
127.721 71.808
128.404 72.192
129.087 72.576
129.77 72.96
130.453 73.344
131.136 73.728
131.819 74.112
132.502 74.496
133.185 74.88
133.868 75.264
134.551 75.648
135.234 76.032
135.917 76.416
136.6 76.8
137.283 77.184
137.966 77.568
138.649 77.952
139.332 78.336
140.015 78.72
140.698 79.104
141.381 79.488
142.064 79.872
142.747 80.256
143.43 80.64
144.113 81.024
144.796 81.408
145.479 81.792
146.162 82.176
146.845 82.56
147.528 82.944
148.211 83.328
148.894 83.712
149.577 84.096
150.26 84.48
150.943 84.864
151.626 85.248
152.309 85.632
152.992 86.016
153.675 86.4
154.358 86.784
155.041 87.168
155.724 87.552
156.407 87.936
157.09 88.32
157.773 88.704
158.456 89.088
159.139 89.472
159.822 89.856
160.505 90.24
161.188 90.624
161.871 91.008
162.554 91.392
163.237 91.776
163.92 92.16
164.603 92.544
165.286 92.928
165.969 93.312
166.652 93.696
167.335 94.08
168.018 94.464
168.701 94.848
169.384 95.232
170.067 95.616
170.75 96
171.433 96.384
172.116 96.768
172.799 97.152
173.482 97.536
174.165 97.92
174.848 98.304
175.531 98.688
176.214 99.072
176.897 99.456
177.58 99.84
178.263 100.224
178.946 100.608
179.629 100.992
180.312 101.376
180.995 101.76
181.678 102.144
182.361 102.528
183.044 102.912
183.727 103.296
184.41 103.68
185.093 104.064
185.776 104.448
186.459 104.832
187.142 105.216
187.825 105.6
188.508 105.984
189.191 106.368
189.874 106.752
190.557 107.136
191.24 107.52
191.923 107.904
192.606 108.288
193.289 108.672
193.972 109.056
194.655 109.44
195.338 109.824
196.021 110.208
196.704 110.592
197.387 110.976
198.07 111.36
198.753 111.744
199.436 112.128
200.119 112.512
200.802 112.896
201.485 113.28
202.168 113.664
202.851 114.048
203.534 114.432
204.217 114.816
204.9 115.2
205.583 115.584
206.266 115.968
206.949 116.352
207.632 116.736
208.315 117.12
208.998 117.504
209.681 117.888
210.364 118.272
211.047 118.656
211.73 119.04
212.413 119.424
213.096 119.808
213.779 120.192
214.462 120.576
215.145 120.96
215.828 121.344
216.511 121.728
217.194 122.112
217.877 122.496
218.56 122.88
219.243 123.264
219.926 123.648
220.609 124.032
221.292 124.416
221.975 124.8
222.658 125.184
223.341 125.568
224.024 125.952
224.707 126.336
225.39 126.72
226.073 127.104
226.756 127.488
227.439 127.872
228.122 128.256
228.805 128.64
229.488 129.024
230.171 129.408
230.854 129.792
231.537 130.176
232.22 130.56
232.903 130.944
233.586 131.328
234.269 131.712
234.952 132.096
235.635 132.48
236.318 132.864
237.001 133.248
237.684 133.632
238.367 134.016
239.05 134.4
239.733 134.784
240.416 135.168
241.099 135.552
241.782 135.936
242.465 136.32
243.148 136.704
243.831 137.088
244.514 137.472
245.197 137.856
245.88 138.24
246.563 138.624
247.246 139.008
247.929 139.392
248.612 139.776
249.295 140.16
249.978 140.544
250.661 140.928
251.344 141.312
252.027 141.696
252.71 142.08
253.393 142.464
254.076 142.848
254.759 143.232
255.442 143.616
256.125 144
256.808 144.384
257.491 144.768
258.174 145.152
258.857 145.536
259.54 145.92
260.223 146.304
260.906 146.688
261.589 147.072
262.272 147.456
262.955 147.84
263.638 148.224
264.321 148.608
265.004 148.992
265.687 149.376
266.37 149.76
267.053 150.144
267.736 150.528
268.419 150.912
269.102 151.296
269.785 151.68
270.468 152.064
271.151 152.448
271.834 152.832
272.517 153.216
273.2 153.6
273.883 153.984
274.566 154.368
275.249 154.752
275.932 155.136
276.615 155.52
277.298 155.904
277.981 156.288
278.664 156.672
279.347 157.056
280.03 157.44
280.713 157.824
281.396 158.208
282.079 158.592
282.762 158.976
283.445 159.36
284.128 159.744
284.811 160.128
285.494 160.512
286.177 160.896
286.86 161.28
287.543 161.664
288.226 162.048
288.909 162.432
289.592 162.816
290.275 163.2
290.958 163.584
291.641 163.968
292.324 164.352
293.007 164.736
293.69 165.12
294.373 165.504
295.056 165.888
295.739 166.272
296.422 166.656
297.105 167.04
297.788 167.424
298.471 167.808
299.154 168.192
299.837 168.576
300.52 168.96
301.203 169.344
301.886 169.728
302.569 170.112
303.252 170.496
303.935 170.88
304.618 171.264
305.301 171.648
305.984 172.032
306.667 172.416
307.35 172.8
308.033 173.184
308.716 173.568
309.399 173.952
310.082 174.336
310.765 174.72
311.448 175.104
312.131 175.488
312.814 175.872
313.497 176.256
314.18 176.64
314.863 177.024
315.546 177.408
316.229 177.792
316.912 178.176
317.595 178.56
318.278 178.944
318.961 179.328
319.644 179.712
320.327 180.096
321.01 180.48
321.693 180.864
322.376 181.248
323.059 181.632
323.742 182.016
324.425 182.4
325.108 182.784
325.791 183.168
326.474 183.552
327.157 183.936
327.84 184.32
328.523 184.704
329.206 185.088
329.889 185.472
330.572 185.856
331.255 186.24
331.938 186.624
332.621 187.008
333.304 187.392
333.987 187.776
334.67 188.16
335.353 188.544
336.036 188.928
336.719 189.312
337.402 189.696
338.085 190.08
338.768 190.464
339.451 190.848
340.134 191.232
340.817 191.616
341.5 192
342.183 192.384
342.866 192.768
343.549 193.152
344.232 193.536
344.915 193.92
345.598 194.304
346.281 194.688
346.964 195.072
347.647 195.456
348.33 195.84
349.013 196.224
349.696 196.608
350.379 196.992
351.062 197.376
351.745 197.76
352.428 198.144
353.111 198.528
353.794 198.912
354.477 199.296
355.16 199.68
355.843 200.064
356.526 200.448
357.209 200.832
357.892 201.216
358.575 201.6
359.258 201.984
359.941 202.368
360.624 202.752
361.307 203.136
361.99 203.52
362.673 203.904
363.356 204.288
364.039 204.672
364.722 205.056
365.405 205.44
366.088 205.824
366.771 206.208
367.454 206.592
368.137 206.976
368.82 207.36
369.503 207.744
370.186 208.128
370.869 208.512
371.552 208.896
372.235 209.28
372.918 209.664
373.601 210.048
374.284 210.432
374.967 210.816
375.65 211.2
376.333 211.584
377.016 211.968
377.699 212.352
378.382 212.736
379.065 213.12
379.748 213.504
380.431 213.888
381.114 214.272
381.797 214.656
382.48 215.04
383.163 215.424
383.846 215.808
384.529 216.192
385.212 216.576
385.895 216.96
386.578 217.344
387.261 217.728
387.944 218.112
388.627 218.496
389.31 218.88
389.993 219.264
390.676 219.648
391.359 220.032
392.042 220.416
392.725 220.8
393.408 221.184
394.091 221.568
394.774 221.952
395.457 222.336
396.14 222.72
396.823 223.104
397.506 223.488
398.189 223.872
398.872 224.256
399.555 224.64
400.238 225.024
400.921 225.408
401.604 225.792
402.287 226.176
402.97 226.56
403.653 226.944
404.336 227.328
405.019 227.712
405.702 228.096
406.385 228.48
407.068 228.864
407.751 229.248
408.434 229.632
409.117 230.016
409.8 230.4
410.483 230.784
411.166 231.168
411.849 231.552
412.532 231.936
413.215 232.32
413.898 232.704
414.581 233.088
415.264 233.472
415.947 233.856
416.63 234.24
417.313 234.624
417.996 235.008
418.679 235.392
419.362 235.776
420.045 236.16
420.728 236.544
421.411 236.928
422.094 237.312
422.777 237.696
423.46 238.08
424.143 238.464
424.826 238.848
425.509 239.232
426.192 239.616
426.875 240
427.558 240.384
428.241 240.768
428.924 241.152
429.607 241.536
430.29 241.92
430.973 242.304
431.656 242.688
432.339 243.072
433.022 243.456
433.705 243.84
434.388 244.224
435.071 244.608
435.754 244.992
436.437 245.376
437.12 245.76
437.803 246.144
438.486 246.528
439.169 246.912
439.852 247.296
440.535 247.68
441.218 248.064
441.901 248.448
442.584 248.832
443.267 249.216
443.95 249.6
444.633 249.984
445.316 250.368
445.999 250.752
446.682 251.136
447.365 251.52
448.048 251.904
448.731 252.288
449.414 252.672
450.097 253.056
450.78 253.44
451.463 253.824
452.146 254.208
452.829 254.592
453.512 254.976
454.195 255.36
454.878 255.744
455.561 256.128
456.244 256.512
456.927 256.896
457.61 257.28
458.293 257.664
458.976 258.048
459.659 258.432
460.342 258.816
461.025 259.2
461.708 259.584
462.391 259.968
463.074 260.352
463.757 260.736
464.44 261.12
465.123 261.504
465.806 261.888
466.489 262.272
467.172 262.656
467.855 263.04
468.538 263.424
469.221 263.808
469.904 264.192
470.587 264.576
471.27 264.96
471.953 265.344
472.636 265.728
473.319 266.112
474.002 266.496
474.685 266.88
475.368 267.264
476.051 267.648
476.734 268.032
477.417 268.416
478.1 268.8
478.783 269.184
479.466 269.568
480.149 269.952
480.832 270.336
481.515 270.72
482.198 271.104
482.881 271.488
483.564 271.872
484.247 272.256
484.93 272.64
485.613 273.024
486.296 273.408
486.979 273.792
487.662 274.176
488.345 274.56
489.028 274.944
489.711 275.328
490.394 275.712
491.077 276.096
491.76 276.48
492.443 276.864
493.126 277.248
493.809 277.632
494.492 278.016
495.175 278.4
495.858 278.784
496.541 279.168
497.224 279.552
497.907 279.936
498.59 280.32
499.273 280.704
499.956 281.088
500.639 281.472
501.322 281.856
502.005 282.24
502.688 282.624
503.371 283.008
504.054 283.392
504.737 283.776
505.42 284.16
506.103 284.544
506.786 284.928
507.469 285.312
508.152 285.696
508.835 286.08
509.518 286.464
510.201 286.848
510.884 287.232
511.567 287.616
512.25 288
512.933 288.384
513.616 288.768
514.299 289.152
514.982 289.536
515.665 289.92
516.348 290.304
517.031 290.688
517.714 291.072
518.397 291.456
519.08 291.84
519.763 292.224
520.446 292.608
521.129 292.992
521.812 293.376
522.495 293.76
523.178 294.144
523.861 294.528
524.544 294.912
525.227 295.296
525.91 295.68
526.593 296.064
527.276 296.448
527.959 296.832
528.642 297.216
529.325 297.6
530.008 297.984
530.691 298.368
531.374 298.752
532.057 299.136
532.74 299.52
533.423 299.904
534.106 300.288
534.789 300.672
535.472 301.056
536.155 301.44
536.838 301.824
537.521 302.208
538.204 302.592
538.887 302.976
539.57 303.36
540.253 303.744
540.936 304.128
541.619 304.512
542.302 304.896
542.985 305.28
543.668 305.664
544.351 306.048
545.034 306.432
545.717 306.816
546.4 307.2
547.083 307.584
547.766 307.968
548.449 308.352
549.132 308.736
549.815 309.12
550.498 309.504
551.181 309.888
551.864 310.272
552.547 310.656
553.23 311.04
553.913 311.424
554.596 311.808
555.279 312.192
555.962 312.576
556.645 312.96
557.328 313.344
558.011 313.728
558.694 314.112
559.377 314.496
560.06 314.88
560.743 315.264
561.426 315.648
562.109 316.032
562.792 316.416
563.475 316.8
564.158 317.184
564.841 317.568
565.524 317.952
566.207 318.336
566.89 318.72
567.573 319.104
568.256 319.488
568.939 319.872
569.622 320.256
570.305 320.64
570.988 321.024
571.671 321.408
572.354 321.792
573.037 322.176
573.72 322.56
574.403 322.944
575.086 323.328
575.769 323.712
576.452 324.096
577.135 324.48
577.818 324.864
578.501 325.248
579.184 325.632
579.867 326.016
580.55 326.4
581.233 326.784
581.916 327.168
582.599 327.552
583.282 327.936
583.965 328.32
584.648 328.704
585.331 329.088
586.014 329.472
586.697 329.856
587.38 330.24
588.063 330.624
588.746 331.008
589.429 331.392
590.112 331.776
590.795 332.16
591.478 332.544
592.161 332.928
592.844 333.312
593.527 333.696
594.21 334.08
594.893 334.464
595.576 334.848
596.259 335.232
596.942 335.616
597.625 336
598.308 336.384
598.991 336.768
599.674 337.152
600.357 337.536
601.04 337.92
601.723 338.304
602.406 338.688
603.089 339.072
603.772 339.456
604.455 339.84
605.138 340.224
605.821 340.608
606.504 340.992
607.187 341.376
607.87 341.76
608.553 342.144
609.236 342.528
609.919 342.912
610.602 343.296
611.285 343.68
611.968 344.064
612.651 344.448
613.334 344.832
614.017 345.216
614.7 345.6
615.383 345.984
616.066 346.368
616.749 346.752
617.432 347.136
618.115 347.52
618.798 347.904
619.481 348.288
620.164 348.672
620.847 349.056
621.53 349.44
622.213 349.824
622.896 350.208
623.579 350.592
624.262 350.976
624.945 351.36
625.628 351.744
626.311 352.128
626.994 352.512
627.677 352.896
628.36 353.28
629.043 353.664
629.726 354.048
630.409 354.432
631.092 354.816
631.775 355.2
632.458 355.584
633.141 355.968
633.824 356.352
634.507 356.736
635.19 357.12
635.873 357.504
636.556 357.888
637.239 358.272
637.922 358.656
638.605 359.04
639.288 359.424
639.971 359.808
640.654 360.192
641.337 360.576
642.02 360.96
642.703 361.344
643.386 361.728
644.069 362.112
644.752 362.496
645.435 362.88
646.118 363.264
646.801 363.648
647.484 364.032
648.167 364.416
648.85 364.8
649.533 365.184
650.216 365.568
650.899 365.952
651.582 366.336
652.265 366.72
652.948 367.104
653.631 367.488
654.314 367.872
654.997 368.256
655.68 368.64
656.363 369.024
657.046 369.408
657.729 369.792
658.412 370.176
659.095 370.56
659.778 370.944
660.461 371.328
661.144 371.712
661.827 372.096
662.51 372.48
663.193 372.864
663.876 373.248
664.559 373.632
665.242 374.016
665.925 374.4
666.608 374.784
667.291 375.168
667.974 375.552
668.657 375.936
669.34 376.32
670.023 376.704
670.706 377.088
671.389 377.472
672.072 377.856
672.755 378.24
673.438 378.624
674.121 379.008
674.804 379.392
675.487 379.776
676.17 380.16
676.853 380.544
677.536 380.928
678.219 381.312
678.902 381.696
679.585 382.08
680.268 382.464
680.951 382.848
681.634 383.232
682.317 383.616
683 384
683.683 384.384
684.366 384.768
685.049 385.152
685.732 385.536
686.415 385.92
687.098 386.304
687.781 386.688
688.464 387.072
689.147 387.456
689.83 387.84
690.513 388.224
691.196 388.608
691.879 388.992
692.562 389.376
693.245 389.76
693.928 390.144
694.611 390.528
695.294 390.912
695.977 391.296
696.66 391.68
697.343 392.064
698.026 392.448
698.709 392.832
699.392 393.216
700.075 393.6
700.758 393.984
701.441 394.368
702.124 394.752
702.807 395.136
703.49 395.52
704.173 395.904
704.856 396.288
705.539 396.672
706.222 397.056
706.905 397.44
707.588 397.824
708.271 398.208
708.954 398.592
709.637 398.976
710.32 399.36
711.003 399.744
711.686 400.128
712.369 400.512
713.052 400.896
713.735 401.28
714.418 401.664
715.101 402.048
715.784 402.432
716.467 402.816
717.15 403.2
717.833 403.584
718.516 403.968
719.199 404.352
719.882 404.736
720.565 405.12
721.248 405.504
721.931 405.888
722.614 406.272
723.297 406.656
723.98 407.04
724.663 407.424
725.346 407.808
726.029 408.192
726.712 408.576
727.395 408.96
728.078 409.344
728.761 409.728
729.444 410.112
730.127 410.496
730.81 410.88
731.493 411.264
732.176 411.648
732.859 412.032
733.542 412.416
734.225 412.8
734.908 413.184
735.591 413.568
736.274 413.952
736.957 414.336
737.64 414.72
738.323 415.104
739.006 415.488
739.689 415.872
740.372 416.256
741.055 416.64
741.738 417.024
742.421 417.408
743.104 417.792
743.787 418.176
744.47 418.56
745.153 418.944
745.836 419.328
746.519 419.712
747.202 420.096
747.885 420.48
748.568 420.864
749.251 421.248
749.934 421.632
750.617 422.016
751.3 422.4
751.983 422.784
752.666 423.168
753.349 423.552
754.032 423.936
754.715 424.32
755.398 424.704
756.081 425.088
756.764 425.472
757.447 425.856
758.13 426.24
758.813 426.624
759.496 427.008
760.179 427.392
760.862 427.776
761.545 428.16
762.228 428.544
762.911 428.928
763.594 429.312
764.277 429.696
764.96 430.08
765.643 430.464
766.326 430.848
767.009 431.232
767.692 431.616
768.375 432
769.058 432.384
769.741 432.768
770.424 433.152
771.107 433.536
771.79 433.92
772.473 434.304
773.156 434.688
773.839 435.072
774.522 435.456
775.205 435.84
775.888 436.224
776.571 436.608
777.254 436.992
777.937 437.376
778.62 437.76
779.303 438.144
779.986 438.528
780.669 438.912
781.352 439.296
782.035 439.68
782.718 440.064
783.401 440.448
784.084 440.832
784.767 441.216
785.45 441.6
786.133 441.984
786.816 442.368
787.499 442.752
788.182 443.136
788.865 443.52
789.548 443.904
790.231 444.288
790.914 444.672
791.597 445.056
792.28 445.44
792.963 445.824
793.646 446.208
794.329 446.592
795.012 446.976
795.695 447.36
796.378 447.744
797.061 448.128
797.744 448.512
798.427 448.896
799.11 449.28
799.793 449.664
800.476 450.048
801.159 450.432
801.842 450.816
802.525 451.2
803.208 451.584
803.891 451.968
804.574 452.352
805.257 452.736
805.94 453.12
806.623 453.504
807.306 453.888
807.989 454.272
808.672 454.656
809.355 455.04
810.038 455.424
810.721 455.808
811.404 456.192
812.087 456.576
812.77 456.96
813.453 457.344
814.136 457.728
814.819 458.112
815.502 458.496
816.185 458.88
816.868 459.264
817.551 459.648
818.234 460.032
818.917 460.416
819.6 460.8
820.283 461.184
820.966 461.568
821.649 461.952
822.332 462.336
823.015 462.72
823.698 463.104
824.381 463.488
825.064 463.872
825.747 464.256
826.43 464.64
827.113 465.024
827.796 465.408
828.479 465.792
829.162 466.176
829.845 466.56
830.528 466.944
831.211 467.328
831.894 467.712
832.577 468.096
833.26 468.48
833.943 468.864
834.626 469.248
835.309 469.632
835.992 470.016
836.675 470.4
837.358 470.784
838.041 471.168
838.724 471.552
839.407 471.936
840.09 472.32
840.773 472.704
841.456 473.088
842.139 473.472
842.822 473.856
843.505 474.24
844.188 474.624
844.871 475.008
845.554 475.392
846.237 475.776
846.92 476.16
847.603 476.544
848.286 476.928
848.969 477.312
849.652 477.696
850.335 478.08
851.018 478.464
851.701 478.848
852.384 479.232
853.067 479.616
853.75 480
854.433 480.384
855.116 480.768
855.799 481.152
856.482 481.536
857.165 481.92
857.848 482.304
858.531 482.688
859.214 483.072
859.897 483.456
860.58 483.84
861.263 484.224
861.946 484.608
862.629 484.992
863.312 485.376
863.995 485.76
864.678 486.144
865.361 486.528
866.044 486.912
866.727 487.296
867.41 487.68
868.093 488.064
868.776 488.448
869.459 488.832
870.142 489.216
870.825 489.6
871.508 489.984
872.191 490.368
872.874 490.752
873.557 491.136
874.24 491.52
874.923 491.904
875.606 492.288
876.289 492.672
876.972 493.056
877.655 493.44
878.338 493.824
879.021 494.208
879.704 494.592
880.387 494.976
881.07 495.36
881.753 495.744
882.436 496.128
883.119 496.512
883.802 496.896
884.485 497.28
885.168 497.664
885.851 498.048
886.534 498.432
887.217 498.816
887.9 499.2
888.583 499.584
889.266 499.968
889.949 500.352
890.632 500.736
891.315 501.12
891.998 501.504
892.681 501.888
893.364 502.272
894.047 502.656
894.73 503.04
895.413 503.424
896.096 503.808
896.779 504.192
897.462 504.576
898.145 504.96
898.828 505.344
899.511 505.728
900.194 506.112
900.877 506.496
901.56 506.88
902.243 507.264
902.926 507.648
903.609 508.032
904.292 508.416
904.975 508.8
905.658 509.184
906.341 509.568
907.024 509.952
907.707 510.336
908.39 510.72
909.073 511.104
909.756 511.488
910.439 511.872
911.122 512.256
911.805 512.64
912.488 513.024
913.171 513.408
913.854 513.792
914.537 514.176
915.22 514.56
915.903 514.944
916.586 515.328
917.269 515.712
917.952 516.096
918.635 516.48
919.318 516.864
920.001 517.248
920.684 517.632
921.367 518.016
922.05 518.4
922.733 518.784
923.416 519.168
924.099 519.552
924.782 519.936
925.465 520.32
926.148 520.704
926.831 521.088
927.514 521.472
928.197 521.856
928.88 522.24
929.563 522.624
930.246 523.008
930.929 523.392
931.612 523.776
932.295 524.16
932.978 524.544
933.661 524.928
934.344 525.312
935.027 525.696
935.71 526.08
936.393 526.464
937.076 526.848
937.759 527.232
938.442 527.616
939.125 528
939.808 528.384
940.491 528.768
941.174 529.152
941.857 529.536
942.54 529.92
943.223 530.304
943.906 530.688
944.589 531.072
945.272 531.456
945.955 531.84
946.638 532.224
947.321 532.608
948.004 532.992
948.687 533.376
949.37 533.76
950.053 534.144
950.736 534.528
951.419 534.912
952.102 535.296
952.785 535.68
953.468 536.064
954.151 536.448
954.834 536.832
955.517 537.216
956.2 537.6
956.883 537.984
957.566 538.368
958.249 538.752
958.932 539.136
959.615 539.52
960.298 539.904
960.981 540.288
961.664 540.672
962.347 541.056
963.03 541.44
963.713 541.824
964.396 542.208
965.079 542.592
965.762 542.976
966.445 543.36
967.128 543.744
967.811 544.128
968.494 544.512
969.177 544.896
969.86 545.28
970.543 545.664
971.226 546.048
971.909 546.432
972.592 546.816
973.275 547.2
973.958 547.584
974.641 547.968
975.324 548.352
976.007 548.736
976.69 549.12
977.373 549.504
978.056 549.888
978.739 550.272
979.422 550.656
980.105 551.04
980.788 551.424
981.471 551.808
982.154 552.192
982.837 552.576
983.52 552.96
984.203 553.344
984.886 553.728
985.569 554.112
986.252 554.496
986.935 554.88
987.618 555.264
988.301 555.648
988.984 556.032
989.667 556.416
990.35 556.8
991.033 557.184
991.716 557.568
992.399 557.952
993.082 558.336
993.765 558.72
994.448 559.104
995.131 559.488
995.814 559.872
996.497 560.256
997.18 560.64
997.863 561.024
998.546 561.408
999.229 561.792
999.912 562.176
1000.6 562.56
1001.28 562.944
1001.96 563.328
1002.64 563.712
1003.33 564.096
1004.01 564.48
1004.69 564.864
1005.38 565.248
1006.06 565.632
1006.74 566.016
1007.43 566.4
1008.11 566.784
1008.79 567.168
1009.47 567.552
1010.16 567.936
1010.84 568.32
1011.52 568.704
1012.21 569.088
1012.89 569.472
1013.57 569.856
1014.26 570.24
1014.94 570.624
1015.62 571.008
1016.3 571.392
1016.99 571.776
1017.67 572.16
1018.35 572.544
1019.04 572.928
1019.72 573.312
1020.4 573.696
1021.09 574.08
1021.77 574.464
1022.45 574.848
1023.13 575.232
1023.82 575.616
1024.5 576
1025.18 576.384
1025.87 576.768
1026.55 577.152
1027.23 577.536
1027.92 577.92
1028.6 578.304
1029.28 578.688
1029.96 579.072
1030.65 579.456
1031.33 579.84
1032.01 580.224
1032.7 580.608
1033.38 580.992
1034.06 581.376
1034.75 581.76
1035.43 582.144
1036.11 582.528
1036.79 582.912
1037.48 583.296
1038.16 583.68
1038.84 584.064
1039.53 584.448
1040.21 584.832
1040.89 585.216
1041.58 585.6
1042.26 585.984
1042.94 586.368
1043.62 586.752
1044.31 587.136
1044.99 587.52
1045.67 587.904
1046.36 588.288
1047.04 588.672
1047.72 589.056
1048.41 589.44
1049.09 589.824
1049.77 590.208
1050.45 590.592
1051.14 590.976
1051.82 591.36
1052.5 591.744
1053.19 592.128
1053.87 592.512
1054.55 592.896
1055.24 593.28
1055.92 593.664
1056.6 594.048
1057.28 594.432
1057.97 594.816
1058.65 595.2
1059.33 595.584
1060.02 595.968
1060.7 596.352
1061.38 596.736
1062.07 597.12
1062.75 597.504
1063.43 597.888
1064.11 598.272
1064.8 598.656
1065.48 599.04
1066.16 599.424
1066.85 599.808
1067.53 600.192
1068.21 600.576
1068.9 600.96
1069.58 601.344
1070.26 601.728
1070.94 602.112
1071.63 602.496
1072.31 602.88
1072.99 603.264
1073.68 603.648
1074.36 604.032
1075.04 604.416
1075.72 604.8
1076.41 605.184
1077.09 605.568
1077.77 605.952
1078.46 606.336
1079.14 606.72
1079.82 607.104
1080.51 607.488
1081.19 607.872
1081.87 608.256
1082.56 608.64
1083.24 609.024
1083.92 609.408
1084.6 609.792
1085.29 610.176
1085.97 610.56
1086.65 610.944
1087.34 611.328
1088.02 611.712
1088.7 612.096
1089.39 612.48
1090.07 612.864
1090.75 613.248
1091.43 613.632
1092.12 614.016
1092.8 614.4
1093.48 614.784
1094.17 615.168
1094.85 615.552
1095.53 615.936
1096.21 616.32
1096.9 616.704
1097.58 617.088
1098.26 617.472
1098.95 617.856
1099.63 618.24
1100.31 618.624
1101 619.008
1101.68 619.392
1102.36 619.776
1103.05 620.16
1103.73 620.544
1104.41 620.928
1105.09 621.312
1105.78 621.696
1106.46 622.08
1107.14 622.464
1107.83 622.848
1108.51 623.232
1109.19 623.616
1109.88 624
1110.56 624.384
1111.24 624.768
1111.92 625.152
1112.61 625.536
1113.29 625.92
1113.97 626.304
1114.66 626.688
1115.34 627.072
1116.02 627.456
1116.7 627.84
1117.39 628.224
1118.07 628.608
1118.75 628.992
1119.44 629.376
1120.12 629.76
1120.8 630.144
1121.49 630.528
1122.17 630.912
1122.85 631.296
1123.54 631.68
1124.22 632.064
1124.9 632.448
1125.58 632.832
1126.27 633.216
1126.95 633.6
1127.63 633.984
1128.32 634.368
1129 634.752
1129.68 635.136
1130.37 635.52
1131.05 635.904
1131.73 636.288
1132.41 636.672
1133.1 637.056
1133.78 637.44
1134.46 637.824
1135.15 638.208
1135.83 638.592
1136.51 638.976
1137.19 639.36
1137.88 639.744
1138.56 640.128
1139.24 640.512
1139.93 640.896
1140.61 641.28
1141.29 641.664
1141.98 642.048
1142.66 642.432
1143.34 642.816
1144.03 643.2
1144.71 643.584
1145.39 643.968
1146.07 644.352
1146.76 644.736
1147.44 645.12
1148.12 645.504
1148.81 645.888
1149.49 646.272
1150.17 646.656
1150.86 647.04
1151.54 647.424
1152.22 647.808
1152.9 648.192
1153.59 648.576
1154.27 648.96
1154.95 649.344
1155.64 649.728
1156.32 650.112
1157 650.496
1157.68 650.88
1158.37 651.264
1159.05 651.648
1159.73 652.032
1160.42 652.416
1161.1 652.8
1161.78 653.184
1162.47 653.568
1163.15 653.952
1163.83 654.336
1164.52 654.72
1165.2 655.104
1165.88 655.488
1166.56 655.872
1167.25 656.256
1167.93 656.64
1168.61 657.024
1169.3 657.408
1169.98 657.792
1170.66 658.176
1171.35 658.56
1172.03 658.944
1172.71 659.328
1173.39 659.712
1174.08 660.096
1174.76 660.48
1175.44 660.864
1176.13 661.248
1176.81 661.632
1177.49 662.016
1178.18 662.4
1178.86 662.784
1179.54 663.168
1180.22 663.552
1180.91 663.936
1181.59 664.32
1182.27 664.704
1182.96 665.088
1183.64 665.472
1184.32 665.856
1185.01 666.24
1185.69 666.624
1186.37 667.008
1187.05 667.392
1187.74 667.776
1188.42 668.16
1189.1 668.544
1189.79 668.928
1190.47 669.312
1191.15 669.696
1191.84 670.08
1192.52 670.464
1193.2 670.848
1193.88 671.232
1194.57 671.616
1195.25 672
1195.93 672.384
1196.62 672.768
1197.3 673.152
1197.98 673.536
1198.67 673.92
1199.35 674.304
1200.03 674.688
1200.71 675.072
1201.4 675.456
1202.08 675.84
1202.76 676.224
1203.45 676.608
1204.13 676.992
1204.81 677.376
1205.5 677.76
1206.18 678.144
1206.86 678.528
1207.54 678.912
1208.23 679.296
1208.91 679.68
1209.59 680.064
1210.28 680.448
1210.96 680.832
1211.64 681.216
1212.33 681.6
1213.01 681.984
1213.69 682.368
1214.37 682.752
1215.06 683.136
1215.74 683.52
1216.42 683.904
1217.11 684.288
1217.79 684.672
1218.47 685.056
1219.16 685.44
1219.84 685.824
1220.52 686.208
1221.2 686.592
1221.89 686.976
1222.57 687.36
1223.25 687.744
1223.94 688.128
1224.62 688.512
1225.3 688.896
1225.99 689.28
1226.67 689.664
1227.35 690.048
1228.03 690.432
1228.72 690.816
1229.4 691.2
1230.08 691.584
1230.77 691.968
1231.45 692.352
1232.13 692.736
1232.82 693.12
1233.5 693.504
1234.18 693.888
1234.86 694.272
1235.55 694.656
1236.23 695.04
1236.91 695.424
1237.6 695.808
1238.28 696.192
1238.96 696.576
1239.65 696.96
1240.33 697.344
1241.01 697.728
1241.69 698.112
1242.38 698.496
1243.06 698.88
1243.74 699.264
1244.43 699.648
1245.11 700.032
1245.79 700.416
1246.48 700.8
1247.16 701.184
1247.84 701.568
1248.52 701.952
1249.21 702.336
1249.89 702.72
1250.57 703.104
1251.26 703.488
1251.94 703.872
1252.62 704.256
1253.31 704.64
1253.99 705.024
1254.67 705.408
1255.35 705.792
1256.04 706.176
1256.72 706.56
1257.4 706.944
1258.09 707.328
1258.77 707.712
1259.45 708.096
1260.14 708.48
1260.82 708.864
1261.5 709.248
1262.18 709.632
1262.87 710.016
1263.55 710.4
1264.23 710.784
1264.92 711.168
1265.6 711.552
1266.28 711.936
1266.96 712.32
1267.65 712.704
1268.33 713.088
1269.01 713.472
1269.7 713.856
1270.38 714.24
1271.06 714.624
1271.75 715.008
1272.43 715.392
1273.11 715.776
1273.8 716.16
1274.48 716.544
1275.16 716.928
1275.84 717.312
1276.53 717.696
1277.21 718.08
1277.89 718.464
1278.58 718.848
1279.26 719.232
1279.94 719.616
1280.63 720
1281.31 720.384
1281.99 720.768
1282.67 721.152
1283.36 721.536
1284.04 721.92
1284.72 722.304
1285.41 722.688
1286.09 723.072
1286.77 723.456
1287.45 723.84
1288.14 724.224
1288.82 724.608
1289.5 724.992
1290.19 725.376
1290.87 725.76
1291.55 726.144
1292.24 726.528
1292.92 726.912
1293.6 727.296
1294.29 727.68
1294.97 728.064
1295.65 728.448
1296.33 728.832
1297.02 729.216
1297.7 729.6
1298.38 729.984
1299.07 730.368
1299.75 730.752
1300.43 731.136
1301.12 731.52
1301.8 731.904
1302.48 732.288
1303.16 732.672
1303.85 733.056
1304.53 733.44
1305.21 733.824
1305.9 734.208
1306.58 734.592
1307.26 734.976
1307.94 735.36
1308.63 735.744
1309.31 736.128
1309.99 736.512
1310.68 736.896
1311.36 737.28
1312.04 737.664
1312.73 738.048
1313.41 738.432
1314.09 738.816
1314.78 739.2
1315.46 739.584
1316.14 739.968
1316.82 740.352
1317.51 740.736
1318.19 741.12
1318.87 741.504
1319.56 741.888
1320.24 742.272
1320.92 742.656
1321.61 743.04
1322.29 743.424
1322.97 743.808
1323.65 744.192
1324.34 744.576
1325.02 744.96
1325.7 745.344
1326.39 745.728
1327.07 746.112
1327.75 746.496
1328.43 746.88
1329.12 747.264
1329.8 747.648
1330.48 748.032
1331.17 748.416
1331.85 748.8
1332.53 749.184
1333.22 749.568
1333.9 749.952
1334.58 750.336
1335.27 750.72
1335.95 751.104
1336.63 751.488
1337.31 751.872
1338 752.256
1338.68 752.64
1339.36 753.024
1340.05 753.408
1340.73 753.792
1341.41 754.176
1342.1 754.56
1342.78 754.944
1343.46 755.328
1344.14 755.712
1344.83 756.096
1345.51 756.48
1346.19 756.864
1346.88 757.248
1347.56 757.632
1348.24 758.016
1348.93 758.4
1349.61 758.784
1350.29 759.168
1350.97 759.552
1351.66 759.936
1352.34 760.32
1353.02 760.704
1353.71 761.088
1354.39 761.472
1355.07 761.856
1355.76 762.24
1356.44 762.624
1357.12 763.008
1357.8 763.392
1358.49 763.776
1359.17 764.16
1359.85 764.544
1360.54 764.928
1361.22 765.312
1361.9 765.696
1362.59 766.08
1363.27 766.464
1363.95 766.848
1364.63 767.232
1365.32 767.616
